image: expl.pgm
resolution: 0.050000
origin: [-5.225931, -4.261123, 0.000000]
negate: 0
occupied_thresh: 0.65
free_thresh: 0.196

