image: map_gazebo.pgm
resolution: 0.050000
origin: [-7.310624, -4.960734, 0.000000]
negate: 0
occupied_thresh: 0.65
free_thresh: 0.196

